LAPACKE's ANSWER
LAPACKE's eigen value = 
[2.65187834e-01,3.18864384e-01,4.46214755e-01,7.74719222e-01,1.98815654e+00,1.72068573e+01]
LAPACKE's eingen vector of groundstate
[1.32748446e-01,-3.67834269e-01,5.18653693e-01,-5.50655807e-01,4.56509312e-01,-2.57782035e-01];
 [2.57782035e-01,-5.50655807e-01,3.67834269e-01,1.32748446e-01,-5.18653693e-01,4.56509312e-01];
 [3.67834269e-01,-4.56509312e-01,-2.57782035e-01,5.18653693e-01,1.32748446e-01,-5.50655807e-01];
 [4.56509312e-01,-1.32748446e-01,-5.50655807e-01,-2.57782035e-01,3.67834269e-01,5.18653693e-01];
 [-5.18653693e-01,-2.57782035e-01,1.32748446e-01,4.56509312e-01,5.50655807e-01,3.67834269e-01];
 [5.50655807e-01,5.18653693e-01,4.56509312e-01,3.67834269e-01,2.57782035e-01,1.32748446e-01]]
