100 100 3027
0 5 1.0
5 0 1.0
0 8 1.0
8 0 1.0
0 18 1.0
18 0 1.0
0 20 1.0
20 0 1.0
0 21 1.0
21 0 1.0
0 22 1.0
22 0 1.0
0 24 1.0
24 0 1.0
0 26 1.0
26 0 1.0
0 27 1.0
27 0 1.0
0 29 1.0
29 0 1.0
0 33 1.0
33 0 1.0
0 38 1.0
38 0 1.0
0 44 1.0
44 0 1.0
0 48 1.0
48 0 1.0
0 51 1.0
51 0 1.0
0 52 1.0
52 0 1.0
0 56 1.0
56 0 1.0
0 57 1.0
57 0 1.0
0 59 1.0
59 0 1.0
0 60 1.0
60 0 1.0
0 64 1.0
64 0 1.0
0 71 1.0
71 0 1.0
0 76 1.0
76 0 1.0
0 81 1.0
81 0 1.0
0 86 1.0
86 0 1.0
1 2 1.0
2 1 1.0
1 5 1.0
5 1 1.0
1 10 1.0
10 1 1.0
1 14 1.0
14 1 1.0
1 15 1.0
15 1 1.0
1 16 1.0
16 1 1.0
1 19 1.0
19 1 1.0
1 21 1.0
21 1 1.0
1 22 1.0
22 1 1.0
1 31 1.0
31 1 1.0
1 32 1.0
32 1 1.0
1 34 1.0
34 1 1.0
1 35 1.0
35 1 1.0
1 37 1.0
37 1 1.0
1 39 1.0
39 1 1.0
1 41 1.0
41 1 1.0
1 43 1.0
43 1 1.0
1 45 1.0
45 1 1.0
1 46 1.0
46 1 1.0
1 53 1.0
53 1 1.0
1 54 1.0
54 1 1.0
1 56 1.0
56 1 1.0
1 57 1.0
57 1 1.0
1 58 1.0
58 1 1.0
1 63 1.0
63 1 1.0
1 64 1.0
64 1 1.0
1 66 1.0
66 1 1.0
1 68 1.0
68 1 1.0
1 70 1.0
70 1 1.0
1 72 1.0
72 1 1.0
1 73 1.0
73 1 1.0
1 76 1.0
76 1 1.0
1 77 1.0
77 1 1.0
1 86 1.0
86 1 1.0
1 95 1.0
95 1 1.0
2 9 1.0
9 2 1.0
2 12 1.0
12 2 1.0
2 14 1.0
14 2 1.0
2 16 1.0
16 2 1.0
2 20 1.0
20 2 1.0
2 21 1.0
21 2 1.0
2 23 1.0
23 2 1.0
2 27 1.0
27 2 1.0
2 30 1.0
30 2 1.0
2 38 1.0
38 2 1.0
2 42 1.0
42 2 1.0
2 48 1.0
48 2 1.0
2 50 1.0
50 2 1.0
2 56 1.0
56 2 1.0
2 62 1.0
62 2 1.0
2 66 1.0
66 2 1.0
2 68 1.0
68 2 1.0
2 69 1.0
69 2 1.0
2 72 1.0
72 2 1.0
2 73 1.0
73 2 1.0
2 78 1.0
78 2 1.0
2 80 1.0
80 2 1.0
2 82 1.0
82 2 1.0
2 84 1.0
84 2 1.0
2 87 1.0
87 2 1.0
2 93 1.0
93 2 1.0
3 3 1.0
3 6 1.0
6 3 1.0
3 12 1.0
12 3 1.0
3 13 1.0
13 3 1.0
3 19 1.0
19 3 1.0
3 20 1.0
20 3 1.0
3 23 1.0
23 3 1.0
3 28 1.0
28 3 1.0
3 29 1.0
29 3 1.0
3 31 1.0
31 3 1.0
3 32 1.0
32 3 1.0
3 45 1.0
45 3 1.0
3 46 1.0
46 3 1.0
3 47 1.0
47 3 1.0
3 48 1.0
48 3 1.0
3 51 1.0
51 3 1.0
3 53 1.0
53 3 1.0
3 57 1.0
57 3 1.0
3 61 1.0
61 3 1.0
3 65 1.0
65 3 1.0
3 70 1.0
70 3 1.0
3 77 1.0
77 3 1.0
3 79 1.0
79 3 1.0
3 82 1.0
82 3 1.0
3 83 1.0
83 3 1.0
3 86 1.0
86 3 1.0
3 90 1.0
90 3 1.0
3 93 1.0
93 3 1.0
3 94 1.0
94 3 1.0
3 99 1.0
99 3 1.0
4 4 1.0
4 5 1.0
5 4 1.0
4 10 1.0
10 4 1.0
4 19 1.0
19 4 1.0
4 24 1.0
24 4 1.0
4 26 1.0
26 4 1.0
4 27 1.0
27 4 1.0
4 29 1.0
29 4 1.0
4 31 1.0
31 4 1.0
4 33 1.0
33 4 1.0
4 39 1.0
39 4 1.0
4 40 1.0
40 4 1.0
4 45 1.0
45 4 1.0
4 46 1.0
46 4 1.0
4 48 1.0
48 4 1.0
4 52 1.0
52 4 1.0
4 56 1.0
56 4 1.0
4 59 1.0
59 4 1.0
4 61 1.0
61 4 1.0
4 66 1.0
66 4 1.0
4 75 1.0
75 4 1.0
4 86 1.0
86 4 1.0
4 87 1.0
87 4 1.0
4 88 1.0
88 4 1.0
4 90 1.0
90 4 1.0
4 94 1.0
94 4 1.0
4 95 1.0
95 4 1.0
4 97 1.0
97 4 1.0
5 5 1.0
5 12 1.0
12 5 1.0
5 13 1.0
13 5 1.0
5 18 1.0
18 5 1.0
5 25 1.0
25 5 1.0
5 45 1.0
45 5 1.0
5 48 1.0
48 5 1.0
5 58 1.0
58 5 1.0
5 60 1.0
60 5 1.0
5 65 1.0
65 5 1.0
5 68 1.0
68 5 1.0
5 73 1.0
73 5 1.0
5 75 1.0
75 5 1.0
5 77 1.0
77 5 1.0
5 85 1.0
85 5 1.0
5 86 1.0
86 5 1.0
5 89 1.0
89 5 1.0
5 90 1.0
90 5 1.0
6 9 1.0
9 6 1.0
6 15 1.0
15 6 1.0
6 20 1.0
20 6 1.0
6 28 1.0
28 6 1.0
6 33 1.0
33 6 1.0
6 36 1.0
36 6 1.0
6 38 1.0
38 6 1.0
6 43 1.0
43 6 1.0
6 46 1.0
46 6 1.0
6 47 1.0
47 6 1.0
6 49 1.0
49 6 1.0
6 55 1.0
55 6 1.0
6 61 1.0
61 6 1.0
6 62 1.0
62 6 1.0
6 68 1.0
68 6 1.0
6 70 1.0
70 6 1.0
6 75 1.0
75 6 1.0
6 76 1.0
76 6 1.0
6 77 1.0
77 6 1.0
6 78 1.0
78 6 1.0
6 80 1.0
80 6 1.0
6 81 1.0
81 6 1.0
6 82 1.0
82 6 1.0
6 84 1.0
84 6 1.0
6 85 1.0
85 6 1.0
6 86 1.0
86 6 1.0
6 90 1.0
90 6 1.0
6 92 1.0
92 6 1.0
6 96 1.0
96 6 1.0
6 97 1.0
97 6 1.0
7 7 1.0
7 8 1.0
8 7 1.0
7 14 1.0
14 7 1.0
7 16 1.0
16 7 1.0
7 23 1.0
23 7 1.0
7 31 1.0
31 7 1.0
7 33 1.0
33 7 1.0
7 35 1.0
35 7 1.0
7 36 1.0
36 7 1.0
7 37 1.0
37 7 1.0
7 38 1.0
38 7 1.0
7 39 1.0
39 7 1.0
7 41 1.0
41 7 1.0
7 44 1.0
44 7 1.0
7 47 1.0
47 7 1.0
7 49 1.0
49 7 1.0
7 57 1.0
57 7 1.0
7 58 1.0
58 7 1.0
7 61 1.0
61 7 1.0
7 64 1.0
64 7 1.0
7 71 1.0
71 7 1.0
7 74 1.0
74 7 1.0
7 76 1.0
76 7 1.0
7 78 1.0
78 7 1.0
7 86 1.0
86 7 1.0
7 87 1.0
87 7 1.0
7 88 1.0
88 7 1.0
7 98 1.0
98 7 1.0
7 99 1.0
99 7 1.0
8 8 1.0
8 10 1.0
10 8 1.0
8 15 1.0
15 8 1.0
8 16 1.0
16 8 1.0
8 19 1.0
19 8 1.0
8 20 1.0
20 8 1.0
8 21 1.0
21 8 1.0
8 24 1.0
24 8 1.0
8 27 1.0
27 8 1.0
8 31 1.0
31 8 1.0
8 36 1.0
36 8 1.0
8 39 1.0
39 8 1.0
8 40 1.0
40 8 1.0
8 41 1.0
41 8 1.0
8 43 1.0
43 8 1.0
8 45 1.0
45 8 1.0
8 46 1.0
46 8 1.0
8 49 1.0
49 8 1.0
8 59 1.0
59 8 1.0
8 60 1.0
60 8 1.0
8 62 1.0
62 8 1.0
8 64 1.0
64 8 1.0
8 67 1.0
67 8 1.0
8 73 1.0
73 8 1.0
8 74 1.0
74 8 1.0
8 77 1.0
77 8 1.0
8 79 1.0
79 8 1.0
8 82 1.0
82 8 1.0
8 84 1.0
84 8 1.0
8 86 1.0
86 8 1.0
8 92 1.0
92 8 1.0
8 93 1.0
93 8 1.0
8 95 1.0
95 8 1.0
8 97 1.0
97 8 1.0
9 16 1.0
16 9 1.0
9 20 1.0
20 9 1.0
9 34 1.0
34 9 1.0
9 37 1.0
37 9 1.0
9 38 1.0
38 9 1.0
9 39 1.0
39 9 1.0
9 43 1.0
43 9 1.0
9 46 1.0
46 9 1.0
9 48 1.0
48 9 1.0
9 50 1.0
50 9 1.0
9 51 1.0
51 9 1.0
9 52 1.0
52 9 1.0
9 55 1.0
55 9 1.0
9 59 1.0
59 9 1.0
9 60 1.0
60 9 1.0
9 64 1.0
64 9 1.0
9 70 1.0
70 9 1.0
9 75 1.0
75 9 1.0
9 76 1.0
76 9 1.0
9 78 1.0
78 9 1.0
9 79 1.0
79 9 1.0
9 84 1.0
84 9 1.0
9 88 1.0
88 9 1.0
9 94 1.0
94 9 1.0
9 96 1.0
96 9 1.0
10 13 1.0
13 10 1.0
10 14 1.0
14 10 1.0
10 15 1.0
15 10 1.0
10 18 1.0
18 10 1.0
10 22 1.0
22 10 1.0
10 24 1.0
24 10 1.0
10 25 1.0
25 10 1.0
10 26 1.0
26 10 1.0
10 27 1.0
27 10 1.0
10 29 1.0
29 10 1.0
10 33 1.0
33 10 1.0
10 34 1.0
34 10 1.0
10 37 1.0
37 10 1.0
10 39 1.0
39 10 1.0
10 48 1.0
48 10 1.0
10 50 1.0
50 10 1.0
10 60 1.0
60 10 1.0
10 61 1.0
61 10 1.0
10 62 1.0
62 10 1.0
10 65 1.0
65 10 1.0
10 67 1.0
67 10 1.0
10 72 1.0
72 10 1.0
10 73 1.0
73 10 1.0
10 78 1.0
78 10 1.0
10 79 1.0
79 10 1.0
10 86 1.0
86 10 1.0
10 88 1.0
88 10 1.0
10 91 1.0
91 10 1.0
10 93 1.0
93 10 1.0
11 13 1.0
13 11 1.0
11 14 1.0
14 11 1.0
11 15 1.0
15 11 1.0
11 18 1.0
18 11 1.0
11 20 1.0
20 11 1.0
11 21 1.0
21 11 1.0
11 24 1.0
24 11 1.0
11 31 1.0
31 11 1.0
11 34 1.0
34 11 1.0
11 41 1.0
41 11 1.0
11 44 1.0
44 11 1.0
11 47 1.0
47 11 1.0
11 51 1.0
51 11 1.0
11 52 1.0
52 11 1.0
11 53 1.0
53 11 1.0
11 55 1.0
55 11 1.0
11 57 1.0
57 11 1.0
11 61 1.0
61 11 1.0
11 68 1.0
68 11 1.0
11 72 1.0
72 11 1.0
11 73 1.0
73 11 1.0
11 75 1.0
75 11 1.0
11 76 1.0
76 11 1.0
11 79 1.0
79 11 1.0
11 82 1.0
82 11 1.0
11 84 1.0
84 11 1.0
11 86 1.0
86 11 1.0
11 90 1.0
90 11 1.0
11 92 1.0
92 11 1.0
11 94 1.0
94 11 1.0
11 95 1.0
95 11 1.0
12 16 1.0
16 12 1.0
12 17 1.0
17 12 1.0
12 18 1.0
18 12 1.0
12 28 1.0
28 12 1.0
12 34 1.0
34 12 1.0
12 39 1.0
39 12 1.0
12 43 1.0
43 12 1.0
12 44 1.0
44 12 1.0
12 45 1.0
45 12 1.0
12 46 1.0
46 12 1.0
12 48 1.0
48 12 1.0
12 51 1.0
51 12 1.0
12 52 1.0
52 12 1.0
12 53 1.0
53 12 1.0
12 57 1.0
57 12 1.0
12 58 1.0
58 12 1.0
12 62 1.0
62 12 1.0
12 66 1.0
66 12 1.0
12 71 1.0
71 12 1.0
12 72 1.0
72 12 1.0
12 73 1.0
73 12 1.0
12 93 1.0
93 12 1.0
12 97 1.0
97 12 1.0
13 16 1.0
16 13 1.0
13 18 1.0
18 13 1.0
13 20 1.0
20 13 1.0
13 25 1.0
25 13 1.0
13 26 1.0
26 13 1.0
13 30 1.0
30 13 1.0
13 31 1.0
31 13 1.0
13 32 1.0
32 13 1.0
13 33 1.0
33 13 1.0
13 34 1.0
34 13 1.0
13 37 1.0
37 13 1.0
13 45 1.0
45 13 1.0
13 46 1.0
46 13 1.0
13 52 1.0
52 13 1.0
13 60 1.0
60 13 1.0
13 61 1.0
61 13 1.0
13 62 1.0
62 13 1.0
13 64 1.0
64 13 1.0
13 65 1.0
65 13 1.0
13 66 1.0
66 13 1.0
13 71 1.0
71 13 1.0
13 75 1.0
75 13 1.0
13 81 1.0
81 13 1.0
13 82 1.0
82 13 1.0
13 83 1.0
83 13 1.0
13 84 1.0
84 13 1.0
13 86 1.0
86 13 1.0
13 87 1.0
87 13 1.0
13 88 1.0
88 13 1.0
13 91 1.0
91 13 1.0
13 93 1.0
93 13 1.0
14 15 1.0
15 14 1.0
14 16 1.0
16 14 1.0
14 24 1.0
24 14 1.0
14 29 1.0
29 14 1.0
14 32 1.0
32 14 1.0
14 33 1.0
33 14 1.0
14 35 1.0
35 14 1.0
14 37 1.0
37 14 1.0
14 38 1.0
38 14 1.0
14 54 1.0
54 14 1.0
14 56 1.0
56 14 1.0
14 57 1.0
57 14 1.0
14 58 1.0
58 14 1.0
14 60 1.0
60 14 1.0
14 62 1.0
62 14 1.0
14 63 1.0
63 14 1.0
14 64 1.0
64 14 1.0
14 66 1.0
66 14 1.0
14 70 1.0
70 14 1.0
14 72 1.0
72 14 1.0
14 74 1.0
74 14 1.0
14 79 1.0
79 14 1.0
14 80 1.0
80 14 1.0
14 93 1.0
93 14 1.0
14 97 1.0
97 14 1.0
15 16 1.0
16 15 1.0
15 17 1.0
17 15 1.0
15 20 1.0
20 15 1.0
15 24 1.0
24 15 1.0
15 29 1.0
29 15 1.0
15 35 1.0
35 15 1.0
15 40 1.0
40 15 1.0
15 42 1.0
42 15 1.0
15 43 1.0
43 15 1.0
15 52 1.0
52 15 1.0
15 55 1.0
55 15 1.0
15 58 1.0
58 15 1.0
15 59 1.0
59 15 1.0
15 68 1.0
68 15 1.0
15 69 1.0
69 15 1.0
15 80 1.0
80 15 1.0
15 81 1.0
81 15 1.0
15 82 1.0
82 15 1.0
15 83 1.0
83 15 1.0
15 84 1.0
84 15 1.0
15 85 1.0
85 15 1.0
15 93 1.0
93 15 1.0
15 95 1.0
95 15 1.0
15 98 1.0
98 15 1.0
16 18 1.0
18 16 1.0
16 22 1.0
22 16 1.0
16 24 1.0
24 16 1.0
16 33 1.0
33 16 1.0
16 34 1.0
34 16 1.0
16 35 1.0
35 16 1.0
16 39 1.0
39 16 1.0
16 41 1.0
41 16 1.0
16 42 1.0
42 16 1.0
16 50 1.0
50 16 1.0
16 57 1.0
57 16 1.0
16 58 1.0
58 16 1.0
16 68 1.0
68 16 1.0
16 71 1.0
71 16 1.0
16 72 1.0
72 16 1.0
16 76 1.0
76 16 1.0
16 79 1.0
79 16 1.0
16 80 1.0
80 16 1.0
16 81 1.0
81 16 1.0
16 87 1.0
87 16 1.0
16 93 1.0
93 16 1.0
16 94 1.0
94 16 1.0
16 98 1.0
98 16 1.0
16 99 1.0
99 16 1.0
17 19 1.0
19 17 1.0
17 22 1.0
22 17 1.0
17 24 1.0
24 17 1.0
17 27 1.0
27 17 1.0
17 35 1.0
35 17 1.0
17 37 1.0
37 17 1.0
17 38 1.0
38 17 1.0
17 39 1.0
39 17 1.0
17 40 1.0
40 17 1.0
17 41 1.0
41 17 1.0
17 44 1.0
44 17 1.0
17 47 1.0
47 17 1.0
17 50 1.0
50 17 1.0
17 56 1.0
56 17 1.0
17 64 1.0
64 17 1.0
17 65 1.0
65 17 1.0
17 68 1.0
68 17 1.0
17 71 1.0
71 17 1.0
17 72 1.0
72 17 1.0
17 73 1.0
73 17 1.0
17 74 1.0
74 17 1.0
17 75 1.0
75 17 1.0
17 76 1.0
76 17 1.0
17 78 1.0
78 17 1.0
17 83 1.0
83 17 1.0
17 91 1.0
91 17 1.0
17 92 1.0
92 17 1.0
17 93 1.0
93 17 1.0
17 95 1.0
95 17 1.0
18 22 1.0
22 18 1.0
18 25 1.0
25 18 1.0
18 30 1.0
30 18 1.0
18 33 1.0
33 18 1.0
18 36 1.0
36 18 1.0
18 37 1.0
37 18 1.0
18 40 1.0
40 18 1.0
18 42 1.0
42 18 1.0
18 43 1.0
43 18 1.0
18 44 1.0
44 18 1.0
18 47 1.0
47 18 1.0
18 51 1.0
51 18 1.0
18 54 1.0
54 18 1.0
18 56 1.0
56 18 1.0
18 59 1.0
59 18 1.0
18 63 1.0
63 18 1.0
18 71 1.0
71 18 1.0
18 72 1.0
72 18 1.0
18 73 1.0
73 18 1.0
18 74 1.0
74 18 1.0
18 77 1.0
77 18 1.0
18 79 1.0
79 18 1.0
18 83 1.0
83 18 1.0
18 89 1.0
89 18 1.0
18 91 1.0
91 18 1.0
18 92 1.0
92 18 1.0
18 94 1.0
94 18 1.0
18 96 1.0
96 18 1.0
19 22 1.0
22 19 1.0
19 23 1.0
23 19 1.0
19 24 1.0
24 19 1.0
19 26 1.0
26 19 1.0
19 27 1.0
27 19 1.0
19 28 1.0
28 19 1.0
19 29 1.0
29 19 1.0
19 34 1.0
34 19 1.0
19 44 1.0
44 19 1.0
19 60 1.0
60 19 1.0
19 61 1.0
61 19 1.0
19 64 1.0
64 19 1.0
19 66 1.0
66 19 1.0
19 69 1.0
69 19 1.0
19 72 1.0
72 19 1.0
19 73 1.0
73 19 1.0
19 75 1.0
75 19 1.0
19 76 1.0
76 19 1.0
19 80 1.0
80 19 1.0
19 85 1.0
85 19 1.0
19 88 1.0
88 19 1.0
19 89 1.0
89 19 1.0
19 90 1.0
90 19 1.0
19 91 1.0
91 19 1.0
19 94 1.0
94 19 1.0
19 97 1.0
97 19 1.0
19 98 1.0
98 19 1.0
20 25 1.0
25 20 1.0
20 32 1.0
32 20 1.0
20 33 1.0
33 20 1.0
20 38 1.0
38 20 1.0
20 40 1.0
40 20 1.0
20 44 1.0
44 20 1.0
20 45 1.0
45 20 1.0
20 52 1.0
52 20 1.0
20 53 1.0
53 20 1.0
20 54 1.0
54 20 1.0
20 56 1.0
56 20 1.0
20 70 1.0
70 20 1.0
20 76 1.0
76 20 1.0
20 77 1.0
77 20 1.0
20 82 1.0
82 20 1.0
20 85 1.0
85 20 1.0
20 87 1.0
87 20 1.0
20 88 1.0
88 20 1.0
20 89 1.0
89 20 1.0
20 93 1.0
93 20 1.0
20 94 1.0
94 20 1.0
21 21 1.0
21 31 1.0
31 21 1.0
21 33 1.0
33 21 1.0
21 34 1.0
34 21 1.0
21 36 1.0
36 21 1.0
21 39 1.0
39 21 1.0
21 41 1.0
41 21 1.0
21 42 1.0
42 21 1.0
21 43 1.0
43 21 1.0
21 45 1.0
45 21 1.0
21 46 1.0
46 21 1.0
21 47 1.0
47 21 1.0
21 48 1.0
48 21 1.0
21 50 1.0
50 21 1.0
21 64 1.0
64 21 1.0
21 67 1.0
67 21 1.0
21 68 1.0
68 21 1.0
21 72 1.0
72 21 1.0
21 78 1.0
78 21 1.0
21 81 1.0
81 21 1.0
21 83 1.0
83 21 1.0
21 84 1.0
84 21 1.0
21 85 1.0
85 21 1.0
21 88 1.0
88 21 1.0
21 89 1.0
89 21 1.0
21 90 1.0
90 21 1.0
21 92 1.0
92 21 1.0
21 95 1.0
95 21 1.0
21 96 1.0
96 21 1.0
21 98 1.0
98 21 1.0
21 99 1.0
99 21 1.0
22 26 1.0
26 22 1.0
22 30 1.0
30 22 1.0
22 34 1.0
34 22 1.0
22 35 1.0
35 22 1.0
22 37 1.0
37 22 1.0
22 42 1.0
42 22 1.0
22 44 1.0
44 22 1.0
22 45 1.0
45 22 1.0
22 47 1.0
47 22 1.0
22 48 1.0
48 22 1.0
22 50 1.0
50 22 1.0
22 53 1.0
53 22 1.0
22 54 1.0
54 22 1.0
22 56 1.0
56 22 1.0
22 60 1.0
60 22 1.0
22 61 1.0
61 22 1.0
22 65 1.0
65 22 1.0
22 69 1.0
69 22 1.0
22 71 1.0
71 22 1.0
22 74 1.0
74 22 1.0
22 75 1.0
75 22 1.0
22 79 1.0
79 22 1.0
22 80 1.0
80 22 1.0
22 86 1.0
86 22 1.0
22 88 1.0
88 22 1.0
22 91 1.0
91 22 1.0
22 92 1.0
92 22 1.0
23 24 1.0
24 23 1.0
23 25 1.0
25 23 1.0
23 28 1.0
28 23 1.0
23 32 1.0
32 23 1.0
23 38 1.0
38 23 1.0
23 39 1.0
39 23 1.0
23 42 1.0
42 23 1.0
23 47 1.0
47 23 1.0
23 48 1.0
48 23 1.0
23 54 1.0
54 23 1.0
23 55 1.0
55 23 1.0
23 62 1.0
62 23 1.0
23 75 1.0
75 23 1.0
23 77 1.0
77 23 1.0
23 78 1.0
78 23 1.0
23 84 1.0
84 23 1.0
23 85 1.0
85 23 1.0
23 88 1.0
88 23 1.0
23 90 1.0
90 23 1.0
23 92 1.0
92 23 1.0
23 93 1.0
93 23 1.0
23 96 1.0
96 23 1.0
23 97 1.0
97 23 1.0
23 98 1.0
98 23 1.0
24 31 1.0
31 24 1.0
24 33 1.0
33 24 1.0
24 39 1.0
39 24 1.0
24 44 1.0
44 24 1.0
24 47 1.0
47 24 1.0
24 49 1.0
49 24 1.0
24 52 1.0
52 24 1.0
24 54 1.0
54 24 1.0
24 60 1.0
60 24 1.0
24 61 1.0
61 24 1.0
24 63 1.0
63 24 1.0
24 64 1.0
64 24 1.0
24 65 1.0
65 24 1.0
24 67 1.0
67 24 1.0
24 70 1.0
70 24 1.0
24 71 1.0
71 24 1.0
24 72 1.0
72 24 1.0
24 75 1.0
75 24 1.0
24 76 1.0
76 24 1.0
24 79 1.0
79 24 1.0
24 81 1.0
81 24 1.0
24 84 1.0
84 24 1.0
24 85 1.0
85 24 1.0
24 92 1.0
92 24 1.0
24 96 1.0
96 24 1.0
25 25 1.0
25 33 1.0
33 25 1.0
25 34 1.0
34 25 1.0
25 44 1.0
44 25 1.0
25 48 1.0
48 25 1.0
25 54 1.0
54 25 1.0
25 59 1.0
59 25 1.0
25 60 1.0
60 25 1.0
25 61 1.0
61 25 1.0
25 69 1.0
69 25 1.0
25 71 1.0
71 25 1.0
25 73 1.0
73 25 1.0
25 76 1.0
76 25 1.0
25 77 1.0
77 25 1.0
25 79 1.0
79 25 1.0
25 84 1.0
84 25 1.0
25 95 1.0
95 25 1.0
25 97 1.0
97 25 1.0
25 98 1.0
98 25 1.0
25 99 1.0
99 25 1.0
26 28 1.0
28 26 1.0
26 32 1.0
32 26 1.0
26 42 1.0
42 26 1.0
26 47 1.0
47 26 1.0
26 48 1.0
48 26 1.0
26 55 1.0
55 26 1.0
26 57 1.0
57 26 1.0
26 62 1.0
62 26 1.0
26 65 1.0
65 26 1.0
26 69 1.0
69 26 1.0
26 77 1.0
77 26 1.0
26 82 1.0
82 26 1.0
26 88 1.0
88 26 1.0
26 93 1.0
93 26 1.0
26 95 1.0
95 26 1.0
26 96 1.0
96 26 1.0
26 97 1.0
97 26 1.0
26 99 1.0
99 26 1.0
27 45 1.0
45 27 1.0
27 47 1.0
47 27 1.0
27 48 1.0
48 27 1.0
27 49 1.0
49 27 1.0
27 51 1.0
51 27 1.0
27 53 1.0
53 27 1.0
27 54 1.0
54 27 1.0
27 57 1.0
57 27 1.0
27 58 1.0
58 27 1.0
27 59 1.0
59 27 1.0
27 64 1.0
64 27 1.0
27 66 1.0
66 27 1.0
27 77 1.0
77 27 1.0
27 81 1.0
81 27 1.0
27 87 1.0
87 27 1.0
27 88 1.0
88 27 1.0
27 92 1.0
92 27 1.0
27 98 1.0
98 27 1.0
28 28 1.0
28 32 1.0
32 28 1.0
28 34 1.0
34 28 1.0
28 38 1.0
38 28 1.0
28 48 1.0
48 28 1.0
28 51 1.0
51 28 1.0
28 53 1.0
53 28 1.0
28 59 1.0
59 28 1.0
28 62 1.0
62 28 1.0
28 68 1.0
68 28 1.0
28 69 1.0
69 28 1.0
28 73 1.0
73 28 1.0
28 86 1.0
86 28 1.0
28 88 1.0
88 28 1.0
28 92 1.0
92 28 1.0
28 93 1.0
93 28 1.0
28 94 1.0
94 28 1.0
28 97 1.0
97 28 1.0
29 29 1.0
29 33 1.0
33 29 1.0
29 38 1.0
38 29 1.0
29 43 1.0
43 29 1.0
29 46 1.0
46 29 1.0
29 48 1.0
48 29 1.0
29 52 1.0
52 29 1.0
29 58 1.0
58 29 1.0
29 61 1.0
61 29 1.0
29 64 1.0
64 29 1.0
29 65 1.0
65 29 1.0
29 71 1.0
71 29 1.0
29 72 1.0
72 29 1.0
29 81 1.0
81 29 1.0
29 84 1.0
84 29 1.0
29 85 1.0
85 29 1.0
29 88 1.0
88 29 1.0
29 89 1.0
89 29 1.0
29 92 1.0
92 29 1.0
29 93 1.0
93 29 1.0
29 95 1.0
95 29 1.0
29 96 1.0
96 29 1.0
29 97 1.0
97 29 1.0
29 98 1.0
98 29 1.0
29 99 1.0
99 29 1.0
30 34 1.0
34 30 1.0
30 36 1.0
36 30 1.0
30 45 1.0
45 30 1.0
30 47 1.0
47 30 1.0
30 49 1.0
49 30 1.0
30 50 1.0
50 30 1.0
30 52 1.0
52 30 1.0
30 53 1.0
53 30 1.0
30 57 1.0
57 30 1.0
30 58 1.0
58 30 1.0
30 60 1.0
60 30 1.0
30 67 1.0
67 30 1.0
30 68 1.0
68 30 1.0
30 69 1.0
69 30 1.0
30 78 1.0
78 30 1.0
30 81 1.0
81 30 1.0
30 87 1.0
87 30 1.0
30 93 1.0
93 30 1.0
30 94 1.0
94 30 1.0
31 35 1.0
35 31 1.0
31 36 1.0
36 31 1.0
31 38 1.0
38 31 1.0
31 41 1.0
41 31 1.0
31 46 1.0
46 31 1.0
31 47 1.0
47 31 1.0
31 49 1.0
49 31 1.0
31 53 1.0
53 31 1.0
31 57 1.0
57 31 1.0
31 59 1.0
59 31 1.0
31 63 1.0
63 31 1.0
31 64 1.0
64 31 1.0
31 67 1.0
67 31 1.0
31 71 1.0
71 31 1.0
31 76 1.0
76 31 1.0
31 81 1.0
81 31 1.0
31 82 1.0
82 31 1.0
31 85 1.0
85 31 1.0
31 88 1.0
88 31 1.0
31 90 1.0
90 31 1.0
31 91 1.0
91 31 1.0
31 95 1.0
95 31 1.0
31 98 1.0
98 31 1.0
31 99 1.0
99 31 1.0
32 34 1.0
34 32 1.0
32 35 1.0
35 32 1.0
32 37 1.0
37 32 1.0
32 42 1.0
42 32 1.0
32 44 1.0
44 32 1.0
32 52 1.0
52 32 1.0
32 55 1.0
55 32 1.0
32 57 1.0
57 32 1.0
32 58 1.0
58 32 1.0
32 63 1.0
63 32 1.0
32 64 1.0
64 32 1.0
32 65 1.0
65 32 1.0
32 68 1.0
68 32 1.0
32 71 1.0
71 32 1.0
32 73 1.0
73 32 1.0
32 78 1.0
78 32 1.0
32 80 1.0
80 32 1.0
32 83 1.0
83 32 1.0
32 85 1.0
85 32 1.0
32 90 1.0
90 32 1.0
32 95 1.0
95 32 1.0
32 99 1.0
99 32 1.0
33 35 1.0
35 33 1.0
33 38 1.0
38 33 1.0
33 39 1.0
39 33 1.0
33 45 1.0
45 33 1.0
33 46 1.0
46 33 1.0
33 47 1.0
47 33 1.0
33 48 1.0
48 33 1.0
33 53 1.0
53 33 1.0
33 55 1.0
55 33 1.0
33 57 1.0
57 33 1.0
33 60 1.0
60 33 1.0
33 63 1.0
63 33 1.0
33 67 1.0
67 33 1.0
33 71 1.0
71 33 1.0
33 72 1.0
72 33 1.0
33 73 1.0
73 33 1.0
33 75 1.0
75 33 1.0
33 76 1.0
76 33 1.0
33 77 1.0
77 33 1.0
33 84 1.0
84 33 1.0
33 87 1.0
87 33 1.0
33 90 1.0
90 33 1.0
33 94 1.0
94 33 1.0
33 95 1.0
95 33 1.0
34 34 1.0
34 36 1.0
36 34 1.0
34 37 1.0
37 34 1.0
34 39 1.0
39 34 1.0
34 40 1.0
40 34 1.0
34 41 1.0
41 34 1.0
34 42 1.0
42 34 1.0
34 53 1.0
53 34 1.0
34 54 1.0
54 34 1.0
34 56 1.0
56 34 1.0
34 58 1.0
58 34 1.0
34 59 1.0
59 34 1.0
34 60 1.0
60 34 1.0
34 69 1.0
69 34 1.0
34 71 1.0
71 34 1.0
34 76 1.0
76 34 1.0
34 78 1.0
78 34 1.0
34 79 1.0
79 34 1.0
34 84 1.0
84 34 1.0
34 86 1.0
86 34 1.0
34 87 1.0
87 34 1.0
34 89 1.0
89 34 1.0
34 93 1.0
93 34 1.0
34 94 1.0
94 34 1.0
34 95 1.0
95 34 1.0
34 96 1.0
96 34 1.0
35 36 1.0
36 35 1.0
35 37 1.0
37 35 1.0
35 38 1.0
38 35 1.0
35 44 1.0
44 35 1.0
35 46 1.0
46 35 1.0
35 47 1.0
47 35 1.0
35 50 1.0
50 35 1.0
35 56 1.0
56 35 1.0
35 57 1.0
57 35 1.0
35 64 1.0
64 35 1.0
35 67 1.0
67 35 1.0
35 77 1.0
77 35 1.0
35 78 1.0
78 35 1.0
35 82 1.0
82 35 1.0
35 87 1.0
87 35 1.0
35 91 1.0
91 35 1.0
35 94 1.0
94 35 1.0
35 98 1.0
98 35 1.0
36 37 1.0
37 36 1.0
36 39 1.0
39 36 1.0
36 42 1.0
42 36 1.0
36 45 1.0
45 36 1.0
36 49 1.0
49 36 1.0
36 56 1.0
56 36 1.0
36 66 1.0
66 36 1.0
36 67 1.0
67 36 1.0
36 69 1.0
69 36 1.0
36 70 1.0
70 36 1.0
36 78 1.0
78 36 1.0
36 79 1.0
79 36 1.0
36 80 1.0
80 36 1.0
36 81 1.0
81 36 1.0
36 89 1.0
89 36 1.0
36 93 1.0
93 36 1.0
36 99 1.0
99 36 1.0
37 41 1.0
41 37 1.0
37 43 1.0
43 37 1.0
37 46 1.0
46 37 1.0
37 53 1.0
53 37 1.0
37 58 1.0
58 37 1.0
37 61 1.0
61 37 1.0
37 62 1.0
62 37 1.0
37 68 1.0
68 37 1.0
37 69 1.0
69 37 1.0
37 72 1.0
72 37 1.0
37 73 1.0
73 37 1.0
37 80 1.0
80 37 1.0
37 83 1.0
83 37 1.0
37 88 1.0
88 37 1.0
37 90 1.0
90 37 1.0
37 93 1.0
93 37 1.0
37 97 1.0
97 37 1.0
38 38 1.0
38 40 1.0
40 38 1.0
38 41 1.0
41 38 1.0
38 50 1.0
50 38 1.0
38 51 1.0
51 38 1.0
38 52 1.0
52 38 1.0
38 53 1.0
53 38 1.0
38 60 1.0
60 38 1.0
38 64 1.0
64 38 1.0
38 65 1.0
65 38 1.0
38 70 1.0
70 38 1.0
38 71 1.0
71 38 1.0
38 72 1.0
72 38 1.0
38 76 1.0
76 38 1.0
38 82 1.0
82 38 1.0
38 88 1.0
88 38 1.0
38 89 1.0
89 38 1.0
38 90 1.0
90 38 1.0
38 97 1.0
97 38 1.0
39 50 1.0
50 39 1.0
39 54 1.0
54 39 1.0
39 56 1.0
56 39 1.0
39 59 1.0
59 39 1.0
39 68 1.0
68 39 1.0
39 71 1.0
71 39 1.0
39 72 1.0
72 39 1.0
39 75 1.0
75 39 1.0
39 79 1.0
79 39 1.0
39 86 1.0
86 39 1.0
39 91 1.0
91 39 1.0
39 92 1.0
92 39 1.0
39 93 1.0
93 39 1.0
40 41 1.0
41 40 1.0
40 42 1.0
42 40 1.0
40 46 1.0
46 40 1.0
40 53 1.0
53 40 1.0
40 54 1.0
54 40 1.0
40 55 1.0
55 40 1.0
40 57 1.0
57 40 1.0
40 59 1.0
59 40 1.0
40 61 1.0
61 40 1.0
40 65 1.0
65 40 1.0
40 67 1.0
67 40 1.0
40 69 1.0
69 40 1.0
40 70 1.0
70 40 1.0
40 71 1.0
71 40 1.0
40 73 1.0
73 40 1.0
40 74 1.0
74 40 1.0
40 76 1.0
76 40 1.0
40 77 1.0
77 40 1.0
40 87 1.0
87 40 1.0
40 89 1.0
89 40 1.0
40 90 1.0
90 40 1.0
40 92 1.0
92 40 1.0
40 97 1.0
97 40 1.0
40 99 1.0
99 40 1.0
41 48 1.0
48 41 1.0
41 51 1.0
51 41 1.0
41 57 1.0
57 41 1.0
41 62 1.0
62 41 1.0
41 63 1.0
63 41 1.0
41 70 1.0
70 41 1.0
41 72 1.0
72 41 1.0
41 73 1.0
73 41 1.0
41 74 1.0
74 41 1.0
41 75 1.0
75 41 1.0
41 79 1.0
79 41 1.0
41 80 1.0
80 41 1.0
41 81 1.0
81 41 1.0
41 82 1.0
82 41 1.0
41 90 1.0
90 41 1.0
41 92 1.0
92 41 1.0
41 93 1.0
93 41 1.0
41 97 1.0
97 41 1.0
41 98 1.0
98 41 1.0
41 99 1.0
99 41 1.0
42 45 1.0
45 42 1.0
42 51 1.0
51 42 1.0
42 54 1.0
54 42 1.0
42 56 1.0
56 42 1.0
42 57 1.0
57 42 1.0
42 58 1.0
58 42 1.0
42 62 1.0
62 42 1.0
42 64 1.0
64 42 1.0
42 68 1.0
68 42 1.0
42 77 1.0
77 42 1.0
42 79 1.0
79 42 1.0
42 81 1.0
81 42 1.0
42 82 1.0
82 42 1.0
42 83 1.0
83 42 1.0
42 90 1.0
90 42 1.0
42 97 1.0
97 42 1.0
42 98 1.0
98 42 1.0
43 48 1.0
48 43 1.0
43 54 1.0
54 43 1.0
43 58 1.0
58 43 1.0
43 61 1.0
61 43 1.0
43 65 1.0
65 43 1.0
43 66 1.0
66 43 1.0
43 72 1.0
72 43 1.0
43 75 1.0
75 43 1.0
43 87 1.0
87 43 1.0
43 89 1.0
89 43 1.0
43 90 1.0
90 43 1.0
43 92 1.0
92 43 1.0
43 98 1.0
98 43 1.0
43 99 1.0
99 43 1.0
44 48 1.0
48 44 1.0
44 55 1.0
55 44 1.0
44 57 1.0
57 44 1.0
44 65 1.0
65 44 1.0
44 72 1.0
72 44 1.0
44 73 1.0
73 44 1.0
44 74 1.0
74 44 1.0
44 77 1.0
77 44 1.0
44 87 1.0
87 44 1.0
44 95 1.0
95 44 1.0
45 48 1.0
48 45 1.0
45 51 1.0
51 45 1.0
45 56 1.0
56 45 1.0
45 57 1.0
57 45 1.0
45 58 1.0
58 45 1.0
45 65 1.0
65 45 1.0
45 71 1.0
71 45 1.0
45 73 1.0
73 45 1.0
45 75 1.0
75 45 1.0
45 76 1.0
76 45 1.0
45 79 1.0
79 45 1.0
45 80 1.0
80 45 1.0
45 81 1.0
81 45 1.0
45 85 1.0
85 45 1.0
45 86 1.0
86 45 1.0
45 88 1.0
88 45 1.0
45 89 1.0
89 45 1.0
45 91 1.0
91 45 1.0
45 92 1.0
92 45 1.0
45 94 1.0
94 45 1.0
45 97 1.0
97 45 1.0
46 47 1.0
47 46 1.0
46 50 1.0
50 46 1.0
46 52 1.0
52 46 1.0
46 53 1.0
53 46 1.0
46 62 1.0
62 46 1.0
46 67 1.0
67 46 1.0
46 73 1.0
73 46 1.0
46 79 1.0
79 46 1.0
46 80 1.0
80 46 1.0
46 84 1.0
84 46 1.0
46 85 1.0
85 46 1.0
46 86 1.0
86 46 1.0
46 88 1.0
88 46 1.0
46 89 1.0
89 46 1.0
46 94 1.0
94 46 1.0
46 96 1.0
96 46 1.0
47 48 1.0
48 47 1.0
47 51 1.0
51 47 1.0
47 57 1.0
57 47 1.0
47 58 1.0
58 47 1.0
47 65 1.0
65 47 1.0
47 81 1.0
81 47 1.0
47 84 1.0
84 47 1.0
47 92 1.0
92 47 1.0
47 93 1.0
93 47 1.0
47 94 1.0
94 47 1.0
47 97 1.0
97 47 1.0
47 99 1.0
99 47 1.0
48 49 1.0
49 48 1.0
48 55 1.0
55 48 1.0
48 62 1.0
62 48 1.0
48 64 1.0
64 48 1.0
48 68 1.0
68 48 1.0
48 69 1.0
69 48 1.0
48 70 1.0
70 48 1.0
48 77 1.0
77 48 1.0
48 80 1.0
80 48 1.0
48 83 1.0
83 48 1.0
48 84 1.0
84 48 1.0
48 86 1.0
86 48 1.0
48 96 1.0
96 48 1.0
48 97 1.0
97 48 1.0
48 98 1.0
98 48 1.0
48 99 1.0
99 48 1.0
49 53 1.0
53 49 1.0
49 54 1.0
54 49 1.0
49 57 1.0
57 49 1.0
49 59 1.0
59 49 1.0
49 60 1.0
60 49 1.0
49 61 1.0
61 49 1.0
49 62 1.0
62 49 1.0
49 63 1.0
63 49 1.0
49 70 1.0
70 49 1.0
49 71 1.0
71 49 1.0
49 75 1.0
75 49 1.0
49 77 1.0
77 49 1.0
49 78 1.0
78 49 1.0
49 79 1.0
79 49 1.0
49 86 1.0
86 49 1.0
49 89 1.0
89 49 1.0
49 91 1.0
91 49 1.0
49 92 1.0
92 49 1.0
49 98 1.0
98 49 1.0
50 50 1.0
50 51 1.0
51 50 1.0
50 52 1.0
52 50 1.0
50 54 1.0
54 50 1.0
50 55 1.0
55 50 1.0
50 57 1.0
57 50 1.0
50 58 1.0
58 50 1.0
50 59 1.0
59 50 1.0
50 60 1.0
60 50 1.0
50 63 1.0
63 50 1.0
50 64 1.0
64 50 1.0
50 66 1.0
66 50 1.0
50 67 1.0
67 50 1.0
50 69 1.0
69 50 1.0
50 72 1.0
72 50 1.0
50 84 1.0
84 50 1.0
50 86 1.0
86 50 1.0
50 87 1.0
87 50 1.0
50 89 1.0
89 50 1.0
50 90 1.0
90 50 1.0
50 91 1.0
91 50 1.0
50 94 1.0
94 50 1.0
50 98 1.0
98 50 1.0
50 99 1.0
99 50 1.0
51 55 1.0
55 51 1.0
51 57 1.0
57 51 1.0
51 61 1.0
61 51 1.0
51 63 1.0
63 51 1.0
51 78 1.0
78 51 1.0
51 83 1.0
83 51 1.0
52 52 1.0
52 54 1.0
54 52 1.0
52 58 1.0
58 52 1.0
52 66 1.0
66 52 1.0
52 68 1.0
68 52 1.0
52 75 1.0
75 52 1.0
52 82 1.0
82 52 1.0
52 83 1.0
83 52 1.0
52 88 1.0
88 52 1.0
52 89 1.0
89 52 1.0
52 95 1.0
95 52 1.0
52 96 1.0
96 52 1.0
52 98 1.0
98 52 1.0
52 99 1.0
99 52 1.0
53 53 1.0
53 55 1.0
55 53 1.0
53 57 1.0
57 53 1.0
53 60 1.0
60 53 1.0
53 65 1.0
65 53 1.0
53 66 1.0
66 53 1.0
53 74 1.0
74 53 1.0
53 75 1.0
75 53 1.0
53 76 1.0
76 53 1.0
53 79 1.0
79 53 1.0
53 85 1.0
85 53 1.0
53 87 1.0
87 53 1.0
53 88 1.0
88 53 1.0
53 94 1.0
94 53 1.0
53 95 1.0
95 53 1.0
53 97 1.0
97 53 1.0
54 56 1.0
56 54 1.0
54 57 1.0
57 54 1.0
54 59 1.0
59 54 1.0
54 61 1.0
61 54 1.0
54 63 1.0
63 54 1.0
54 64 1.0
64 54 1.0
54 65 1.0
65 54 1.0
54 86 1.0
86 54 1.0
54 87 1.0
87 54 1.0
54 89 1.0
89 54 1.0
54 90 1.0
90 54 1.0
54 91 1.0
91 54 1.0
54 92 1.0
92 54 1.0
54 96 1.0
96 54 1.0
54 97 1.0
97 54 1.0
54 98 1.0
98 54 1.0
55 60 1.0
60 55 1.0
55 62 1.0
62 55 1.0
55 75 1.0
75 55 1.0
55 76 1.0
76 55 1.0
55 79 1.0
79 55 1.0
55 82 1.0
82 55 1.0
55 85 1.0
85 55 1.0
55 86 1.0
86 55 1.0
55 95 1.0
95 55 1.0
55 96 1.0
96 55 1.0
56 56 1.0
56 58 1.0
58 56 1.0
56 59 1.0
59 56 1.0
56 62 1.0
62 56 1.0
56 74 1.0
74 56 1.0
56 75 1.0
75 56 1.0
56 79 1.0
79 56 1.0
56 80 1.0
80 56 1.0
56 82 1.0
82 56 1.0
56 83 1.0
83 56 1.0
56 87 1.0
87 56 1.0
56 90 1.0
90 56 1.0
56 94 1.0
94 56 1.0
56 96 1.0
96 56 1.0
57 57 1.0
57 59 1.0
59 57 1.0
57 63 1.0
63 57 1.0
57 64 1.0
64 57 1.0
57 65 1.0
65 57 1.0
57 66 1.0
66 57 1.0
57 67 1.0
67 57 1.0
57 68 1.0
68 57 1.0
57 73 1.0
73 57 1.0
57 79 1.0
79 57 1.0
57 82 1.0
82 57 1.0
57 86 1.0
86 57 1.0
57 88 1.0
88 57 1.0
57 91 1.0
91 57 1.0
57 93 1.0
93 57 1.0
57 94 1.0
94 57 1.0
57 96 1.0
96 57 1.0
57 97 1.0
97 57 1.0
57 98 1.0
98 57 1.0
58 61 1.0
61 58 1.0
58 65 1.0
65 58 1.0
58 69 1.0
69 58 1.0
58 88 1.0
88 58 1.0
58 90 1.0
90 58 1.0
58 99 1.0
99 58 1.0
59 62 1.0
62 59 1.0
59 64 1.0
64 59 1.0
59 70 1.0
70 59 1.0
59 71 1.0
71 59 1.0
59 72 1.0
72 59 1.0
59 77 1.0
77 59 1.0
59 78 1.0
78 59 1.0
59 79 1.0
79 59 1.0
59 80 1.0
80 59 1.0
59 81 1.0
81 59 1.0
59 87 1.0
87 59 1.0
59 88 1.0
88 59 1.0
60 60 1.0
60 65 1.0
65 60 1.0
60 66 1.0
66 60 1.0
60 67 1.0
67 60 1.0
60 69 1.0
69 60 1.0
60 70 1.0
70 60 1.0
60 72 1.0
72 60 1.0
60 75 1.0
75 60 1.0
60 77 1.0
77 60 1.0
60 78 1.0
78 60 1.0
60 80 1.0
80 60 1.0
60 85 1.0
85 60 1.0
60 90 1.0
90 60 1.0
60 94 1.0
94 60 1.0
60 96 1.0
96 60 1.0
61 69 1.0
69 61 1.0
61 70 1.0
70 61 1.0
61 75 1.0
75 61 1.0
61 76 1.0
76 61 1.0
61 79 1.0
79 61 1.0
61 81 1.0
81 61 1.0
61 85 1.0
85 61 1.0
61 87 1.0
87 61 1.0
61 89 1.0
89 61 1.0
62 66 1.0
66 62 1.0
62 80 1.0
80 62 1.0
62 81 1.0
81 62 1.0
62 84 1.0
84 62 1.0
62 85 1.0
85 62 1.0
62 89 1.0
89 62 1.0
63 64 1.0
64 63 1.0
63 68 1.0
68 63 1.0
63 71 1.0
71 63 1.0
63 74 1.0
74 63 1.0
63 75 1.0
75 63 1.0
63 77 1.0
77 63 1.0
63 82 1.0
82 63 1.0
63 85 1.0
85 63 1.0
63 87 1.0
87 63 1.0
63 91 1.0
91 63 1.0
63 92 1.0
92 63 1.0
63 94 1.0
94 63 1.0
64 67 1.0
67 64 1.0
64 68 1.0
68 64 1.0
64 74 1.0
74 64 1.0
64 77 1.0
77 64 1.0
64 81 1.0
81 64 1.0
64 84 1.0
84 64 1.0
64 85 1.0
85 64 1.0
64 87 1.0
87 64 1.0
64 88 1.0
88 64 1.0
64 89 1.0
89 64 1.0
64 97 1.0
97 64 1.0
64 98 1.0
98 64 1.0
64 99 1.0
99 64 1.0
65 70 1.0
70 65 1.0
65 74 1.0
74 65 1.0
65 75 1.0
75 65 1.0
65 81 1.0
81 65 1.0
65 87 1.0
87 65 1.0
65 88 1.0
88 65 1.0
65 91 1.0
91 65 1.0
65 95 1.0
95 65 1.0
65 98 1.0
98 65 1.0
65 99 1.0
99 65 1.0
66 66 1.0
66 67 1.0
67 66 1.0
66 69 1.0
69 66 1.0
66 74 1.0
74 66 1.0
66 76 1.0
76 66 1.0
66 80 1.0
80 66 1.0
66 82 1.0
82 66 1.0
66 86 1.0
86 66 1.0
66 89 1.0
89 66 1.0
66 97 1.0
97 66 1.0
67 67 1.0
67 74 1.0
74 67 1.0
67 75 1.0
75 67 1.0
67 78 1.0
78 67 1.0
67 79 1.0
79 67 1.0
67 82 1.0
82 67 1.0
67 90 1.0
90 67 1.0
67 94 1.0
94 67 1.0
67 97 1.0
97 67 1.0
67 98 1.0
98 67 1.0
68 75 1.0
75 68 1.0
68 80 1.0
80 68 1.0
68 82 1.0
82 68 1.0
68 89 1.0
89 68 1.0
68 90 1.0
90 68 1.0
68 93 1.0
93 68 1.0
68 95 1.0
95 68 1.0
68 98 1.0
98 68 1.0
68 99 1.0
99 68 1.0
69 69 1.0
69 74 1.0
74 69 1.0
69 78 1.0
78 69 1.0
69 79 1.0
79 69 1.0
69 82 1.0
82 69 1.0
69 85 1.0
85 69 1.0
69 90 1.0
90 69 1.0
69 97 1.0
97 69 1.0
70 70 1.0
70 77 1.0
77 70 1.0
70 84 1.0
84 70 1.0
70 85 1.0
85 70 1.0
70 88 1.0
88 70 1.0
70 93 1.0
93 70 1.0
71 71 1.0
71 72 1.0
72 71 1.0
71 76 1.0
76 71 1.0
71 77 1.0
77 71 1.0
71 85 1.0
85 71 1.0
71 86 1.0
86 71 1.0
71 89 1.0
89 71 1.0
71 91 1.0
91 71 1.0
71 94 1.0
94 71 1.0
71 96 1.0
96 71 1.0
72 82 1.0
82 72 1.0
72 84 1.0
84 72 1.0
72 90 1.0
90 72 1.0
72 93 1.0
93 72 1.0
73 74 1.0
74 73 1.0
73 79 1.0
79 73 1.0
73 81 1.0
81 73 1.0
73 83 1.0
83 73 1.0
73 85 1.0
85 73 1.0
73 87 1.0
87 73 1.0
73 89 1.0
89 73 1.0
73 92 1.0
92 73 1.0
73 93 1.0
93 73 1.0
74 74 1.0
74 79 1.0
79 74 1.0
74 81 1.0
81 74 1.0
74 83 1.0
83 74 1.0
74 85 1.0
85 74 1.0
74 86 1.0
86 74 1.0
74 88 1.0
88 74 1.0
74 94 1.0
94 74 1.0
74 97 1.0
97 74 1.0
75 75 1.0
75 78 1.0
78 75 1.0
75 88 1.0
88 75 1.0
75 90 1.0
90 75 1.0
75 91 1.0
91 75 1.0
75 92 1.0
92 75 1.0
75 96 1.0
96 75 1.0
75 97 1.0
97 75 1.0
75 99 1.0
99 75 1.0
76 76 1.0
76 86 1.0
86 76 1.0
76 90 1.0
90 76 1.0
76 92 1.0
92 76 1.0
76 93 1.0
93 76 1.0
76 99 1.0
99 76 1.0
77 77 1.0
77 78 1.0
78 77 1.0
77 80 1.0
80 77 1.0
77 81 1.0
81 77 1.0
77 85 1.0
85 77 1.0
77 86 1.0
86 77 1.0
77 88 1.0
88 77 1.0
77 95 1.0
95 77 1.0
77 97 1.0
97 77 1.0
77 98 1.0
98 77 1.0
77 99 1.0
99 77 1.0
78 79 1.0
79 78 1.0
78 82 1.0
82 78 1.0
78 83 1.0
83 78 1.0
78 84 1.0
84 78 1.0
78 86 1.0
86 78 1.0
78 87 1.0
87 78 1.0
78 88 1.0
88 78 1.0
78 91 1.0
91 78 1.0
78 93 1.0
93 78 1.0
78 96 1.0
96 78 1.0
79 79 1.0
79 83 1.0
83 79 1.0
79 84 1.0
84 79 1.0
79 86 1.0
86 79 1.0
79 87 1.0
87 79 1.0
79 88 1.0
88 79 1.0
79 94 1.0
94 79 1.0
79 95 1.0
95 79 1.0
80 82 1.0
82 80 1.0
80 85 1.0
85 80 1.0
80 86 1.0
86 80 1.0
80 87 1.0
87 80 1.0
80 92 1.0
92 80 1.0
81 82 1.0
82 81 1.0
81 84 1.0
84 81 1.0
81 89 1.0
89 81 1.0
81 91 1.0
91 81 1.0
81 92 1.0
92 81 1.0
81 93 1.0
93 81 1.0
81 94 1.0
94 81 1.0
81 95 1.0
95 81 1.0
81 96 1.0
96 81 1.0
81 98 1.0
98 81 1.0
82 82 1.0
82 86 1.0
86 82 1.0
82 88 1.0
88 82 1.0
82 90 1.0
90 82 1.0
82 93 1.0
93 82 1.0
82 94 1.0
94 82 1.0
82 95 1.0
95 82 1.0
83 91 1.0
91 83 1.0
83 93 1.0
93 83 1.0
83 94 1.0
94 83 1.0
83 97 1.0
97 83 1.0
84 84 1.0
84 85 1.0
85 84 1.0
84 94 1.0
94 84 1.0
84 95 1.0
95 84 1.0
84 99 1.0
99 84 1.0
85 86 1.0
86 85 1.0
85 95 1.0
95 85 1.0
86 90 1.0
90 86 1.0
86 92 1.0
92 86 1.0
86 94 1.0
94 86 1.0
86 95 1.0
95 86 1.0
87 87 1.0
87 89 1.0
89 87 1.0
87 91 1.0
91 87 1.0
87 97 1.0
97 87 1.0
88 88 1.0
88 98 1.0
98 88 1.0
89 89 1.0
89 90 1.0
90 89 1.0
89 91 1.0
91 89 1.0
89 97 1.0
97 89 1.0
89 98 1.0
98 89 1.0
90 92 1.0
92 90 1.0
90 93 1.0
93 90 1.0
90 94 1.0
94 90 1.0
90 96 1.0
96 90 1.0
90 97 1.0
97 90 1.0
91 91 1.0
91 92 1.0
92 91 1.0
91 99 1.0
99 91 1.0
92 94 1.0
94 92 1.0
93 98 1.0
98 93 1.0
93 99 1.0
99 93 1.0
95 95 1.0
95 98 1.0
98 95 1.0
96 97 1.0
97 96 1.0
97 97 1.0
97 99 1.0
99 97 1.0
