20 20 118
0 5 1.0
5 0 1.0
0 8 1.0
8 0 1.0
0 18 1.0
18 0 1.0
1 1 1.0
1 2 1.0
2 1 1.0
1 3 1.0
3 1 1.0
1 5 1.0
5 1 1.0
1 7 1.0
7 1 1.0
1 8 1.0
8 1 1.0
1 10 1.0
10 1 1.0
1 14 1.0
14 1 1.0
1 19 1.0
19 1 1.0
2 7 1.0
7 2 1.0
2 11 1.0
11 2 1.0
2 14 1.0
14 2 1.0
2 15 1.0
15 2 1.0
2 19 1.0
19 2 1.0
3 3 1.0
3 5 1.0
5 3 1.0
3 6 1.0
6 3 1.0
3 10 1.0
10 3 1.0
3 17 1.0
17 3 1.0
4 6 1.0
6 4 1.0
4 11 1.0
11 4 1.0
4 16 1.0
16 4 1.0
5 16 1.0
16 5 1.0
5 19 1.0
19 5 1.0
6 10 1.0
10 6 1.0
6 14 1.0
14 6 1.0
6 15 1.0
15 6 1.0
6 16 1.0
16 6 1.0
6 19 1.0
19 6 1.0
7 8 1.0
8 7 1.0
7 9 1.0
9 7 1.0
7 18 1.0
18 7 1.0
7 19 1.0
19 7 1.0
8 9 1.0
9 8 1.0
8 10 1.0
10 8 1.0
8 12 1.0
12 8 1.0
8 14 1.0
14 8 1.0
8 16 1.0
16 8 1.0
8 18 1.0
18 8 1.0
9 9 1.0
9 10 1.0
10 9 1.0
9 17 1.0
17 9 1.0
9 18 1.0
18 9 1.0
10 10 1.0
10 11 1.0
11 10 1.0
10 12 1.0
12 10 1.0
10 17 1.0
17 10 1.0
10 18 1.0
18 10 1.0
11 11 1.0
11 13 1.0
13 11 1.0
11 15 1.0
15 11 1.0
11 17 1.0
17 11 1.0
11 18 1.0
18 11 1.0
12 13 1.0
13 12 1.0
12 14 1.0
14 12 1.0
13 16 1.0
16 13 1.0
14 19 1.0
19 14 1.0
17 19 1.0
19 17 1.0
19 19 1.0
